center 0.0 96.5 6.0 -90.1
visual 0.0 96.5 6.0 -90.1
spawn 15.8 196.8 6.5 -103.4
spawn -15.5 197 6.5 -67.9
spawn -37.5 155.7 6.5 -21.3
spawn -64 129 6.6 -49.8
spawn -56.3 82.3 6.5 56.6
spawn -13.8 40.4 6.6 90.6
spawn 19.3 46.0 6.6 -177.3
spawn 55.8 82.9 6.5 134.0
spawn 63.8 128.1 6.6 -115.3
spawn 36.4 157.2 6.5 -132.2
spawn -22.29 128.88 5.1 -133.1
spawn -28.3 78.7 6.5 54.4
spawn 29.2 79.1 6.6 150.2
spawn 22.5 127.2 5.0 -19.5
spawn 0.0 106.3 6.6 -89.2
spawn -12.5 167.5 3.5 -47
newfolder spawn
event -1.1 108.9 6.6 4.2
newfolder event
newset

center -39.5 100.5 8.8 32.4
visual -39.5 100.5 8.8 32.4
spawn 15.8 196.8 6.5 -103.4
spawn -15.5 197 6.5 -67.9
spawn -37.5 155.7 6.5 -21.3
spawn -64 129 6.6 -49.8
spawn -56.3 82.3 6.5 56.6
spawn -13.8 40.4 6.6 90.6
spawn 19.3 46.0 6.6 -177.3
spawn 55.8 82.9 6.5 134.0
spawn 63.8 128.1 6.6 -115.3
spawn 36.4 157.2 6.5 -132.2
spawn -22.29 128.88 5.1 -133.1
spawn -28.3 78.7 6.5 54.4
spawn 29.2 79.1 6.6 150.2
spawn 22.5 127.2 5.0 -19.5
spawn 0.0 106.3 6.6 -89.2
spawn -12.5 167.5 3.5 -47
newfolder spawn
event -1.1 108.9 6.6 4.2
newfolder event
newset

center 39.8 100.5 7.1 -5.1
visual 39.8 100.5 7.1 -5.1
spawn 15.8 196.8 6.5 -103.4
spawn -15.5 197 6.5 -67.9
spawn -37.5 155.7 6.5 -21.3
spawn -64 129 6.6 -49.8
spawn -56.3 82.3 6.5 56.6
spawn -13.8 40.4 6.6 90.6
spawn 19.3 46.0 6.6 -177.3
spawn 55.8 82.9 6.5 134.0
spawn 63.8 128.1 6.6 -115.3
spawn 36.4 157.2 6.5 -132.2
spawn -22.29 128.88 5.1 -133.1
spawn -28.3 78.7 6.5 54.4
spawn 29.2 79.1 6.6 150.2
spawn 22.5 127.2 5.0 -19.5
spawn 0.0 106.3 6.6 -89.2
spawn -12.5 167.5 3.5 -47
newfolder spawn
event -1.1 108.9 6.6 4.2
newfolder event
newset

center 0.4 66.3 5.0 -178.9
visual 0.4 66.3 5.0 -178.9
spawn 15.8 196.8 6.5 -103.4
spawn -15.5 197 6.5 -67.9
spawn -37.5 155.7 6.5 -21.3
spawn -64 129 6.6 -49.8
spawn -56.3 82.3 6.5 56.6
spawn -13.8 40.4 6.6 90.6
spawn 19.3 46.0 6.6 -177.3
spawn 55.8 82.9 6.5 134.0
spawn 63.8 128.1 6.6 -115.3
spawn 36.4 157.2 6.5 -132.2
spawn -22.29 128.88 5.1 -133.1
spawn -28.3 78.7 6.5 54.4
spawn 29.2 79.1 6.6 150.2
spawn 22.5 127.2 5.0 -19.5
spawn 0.0 106.3 6.6 -89.2
spawn -12.5 167.5 3.5 -47
newfolder spawn
event -1.1 108.9 6.6 4.2
newfolder event
newset
